# GIMP colorrc
# 
# This file holds a list of recently used colors.

(color-history
    (color-rgba 0.237584 0.291807 0.318919 1.000000)
    (color-rgba 0.749020 0.105882 0.352941 1.000000)
    (color-rgba 0.000000 0.000000 0.000000 1.000000)
    (color-rgba 1.000000 1.000000 1.000000 1.000000)
    (color-rgba 0.709804 0.709804 0.709804 1.000000)
    (color-rgba 0.243137 0.803922 0.164706 1.000000)
    (color-rgba 1.000000 0.972549 0.949020 1.000000)
    (color-rgba 0.964706 0.866667 0.678431 1.000000)
    (color-rgba 0.070848 0.081013 0.203008 1.000000)
    (color-rgba 0.109804 0.113725 0.160784 1.000000)
    (color-rgba 0.117647 0.121569 0.160784 1.000000)
    (color-rgba 0.415686 0.490196 0.611765 1.000000)
    (color-rgba 0.078431 0.105882 0.211765 1.000000)
    (color-rgba 0.847059 0.862745 0.898039 1.000000)
    (color-rgba 0.325490 0.368627 0.627451 1.000000)
    (color-rgba 0.760784 0.780392 0.858824 1.000000)
    (color-rgba 0.760784 0.780392 0.858824 0.000000)
    (color-rgba 0.141898 0.177766 0.278195 1.000000)
    (color-rgba 0.483877 0.577159 0.838346 1.000000)
    (color-rgba 0.039216 0.058824 0.113725 1.000000)
    (color-rgba 0.333333 0.482353 0.737255 1.000000)
    (color-rgba 0.231373 0.341176 0.611765 1.000000)
    (color-rgba 0.933333 0.960784 0.972549 0.000000)
    (color-rgba 0.933793 0.959913 0.972973 1.000000)
    (color-rgba 0.906149 0.947423 0.978378 1.000000)
    (color-rgba 0.400363 0.448794 0.481081 1.000000)
    (color-rgba 0.086777 0.110914 0.124324 1.000000)
    (color-rgba 0.269907 0.306185 0.324324 1.000000)
    (color-rgba 0.137255 0.152941 0.160784 1.000000)
    (color-rgba 0.309804 0.278431 0.352941 1.000000)
    (color-rgba 0.364706 0.325490 0.517647 1.000000)
    (color-rgba 0.784314 0.549020 0.082353 1.000000)
    (color-rgba 0.937255 0.867420 0.867420 1.000000))

# end of colorrc
